patternDuration=0.050000
totalTime=225.000000
0.050000 2
0.150000 3
0.300000 1
0.450000 2
0.700000 2
0.900000 3
1.000000 2
1.150000 1
1.250000 1
1.400000 1
1.500000 3
1.600000 3
1.700000 2
1.900000 3
2.050000 3
2.150000 3
2.350000 1
2.450000 1
2.600000 2
2.700000 3
2.800000 3
3.000000 3
3.300000 1
3.400000 2
3.550000 3
3.700000 3
3.850000 3
4.200000 3
4.300000 1
4.500000 1
4.650000 1
4.800000 2
4.900000 3
5.050000 2
5.150000 2
5.250000 2
5.500000 2
5.700000 2
5.850000 2
5.950000 2
6.050000 3
6.150000 3
6.400000 2
6.500000 2
6.600000 3
6.750000 3
6.850000 2
7.050000 3
7.200000 1
7.400000 2
7.500000 1
7.600000 1
7.700000 2
7.850000 1
8.050000 1
8.150000 2
8.250000 2
8.500000 2
8.600000 2
8.700000 3
8.900000 2
9.000000 2
9.200000 1
9.350000 3
9.500000 1
9.600000 1
9.750000 3
9.850000 1
10.000000 2
10.100000 2
10.200000 2
10.300000 1
10.400000 3
10.550000 1
10.700000 2
10.950000 1
11.100000 3
11.300000 1
11.400000 1
11.500000 3
11.600000 3
11.700000 2
11.800000 2
11.950000 1
12.050000 3
12.300000 1
12.500000 1
12.600000 3
12.850000 2
13.000000 3
13.200000 2
13.350000 2
13.450000 2
13.600000 2
13.800000 2
14.150000 1
14.450000 1
14.600000 1
14.950000 2
15.100000 2
15.200000 2
15.500000 2
15.650000 3
15.850000 3
16.050000 3
16.150000 2
16.250000 3
16.350000 3
16.450000 2
16.550000 2
16.750000 3
17.050000 1
17.250000 1
17.350000 2
17.450000 3
17.600000 2
17.750000 3
17.950000 3
18.150000 2
18.250000 1
18.450000 3
18.550000 3
18.700000 2
18.900000 2
19.000000 2
19.100000 2
19.250000 1
19.400000 2
19.500000 2
19.650000 2
19.800000 2
19.900000 2
20.000000 2
20.200000 1
20.300000 2
20.400000 2
20.550000 1
20.800000 3
20.900000 3
21.050000 2
21.300000 2
21.400000 2
21.500000 1
21.800000 2
22.000000 3
22.250000 2
22.350000 3
22.450000 1
22.650000 1
22.800000 3
23.000000 2
23.100000 3
23.250000 2
23.400000 1
23.500000 1
23.650000 2
23.750000 3
23.850000 3
23.950000 2
24.100000 3
24.200000 1
24.300000 3
24.400000 1
24.550000 2
24.650000 3
24.900000 1
25.000000 1
25.200000 3
25.400000 3
25.500000 3
25.650000 2
25.850000 2
25.950000 2
26.250000 1
26.400000 3
26.550000 1
26.650000 1
26.800000 3
27.000000 1
27.100000 1
27.250000 2
27.600000 3
27.750000 1
28.150000 2
28.250000 1
28.350000 3
28.450000 2
28.600000 3
28.800000 3
28.900000 2
29.000000 2
29.100000 2
29.300000 1
29.500000 3
29.600000 2
29.700000 3
29.800000 3
29.900000 2
30.100000 2
30.200000 1
30.300000 2
30.450000 2
30.550000 3
30.700000 3
30.850000 3
31.000000 1
31.100000 1
31.200000 3
31.300000 1
31.500000 2
31.600000 3
31.750000 2
31.850000 2
31.950000 2
32.250000 3
32.350000 2
32.550000 2
32.650000 2
32.750000 1
32.950000 1
33.050000 2
33.150000 1
33.300000 2
33.400000 1
33.550000 3
33.650000 2
33.800000 2
33.950000 3
34.150000 1
34.300000 2
34.400000 1
34.600000 3
34.700000 2
35.300000 2
35.400000 1
35.600000 2
35.700000 3
35.800000 1
35.900000 3
36.200000 1
36.350000 2
36.450000 3
36.600000 3
36.850000 1
37.150000 3
37.250000 1
37.900000 2
38.000000 1
38.100000 1
38.200000 2
38.350000 1
38.500000 2
38.700000 1
38.800000 1
39.000000 2
39.100000 1
39.200000 2
39.300000 3
39.400000 2
39.600000 3
39.750000 3
40.000000 3
40.150000 2
40.300000 3
40.500000 3
40.650000 3
40.750000 1
40.850000 2
40.950000 3
41.100000 1
41.200000 2
41.450000 1
41.750000 1
41.900000 1
42.000000 2
42.100000 1
42.250000 1
42.450000 1
42.550000 1
42.700000 2
42.800000 1
43.050000 3
43.350000 3
43.450000 3
43.550000 3
43.700000 1
43.800000 3
43.950000 3
44.100000 2
44.200000 1
44.300000 1
44.400000 3
44.500000 3
44.600000 3
44.750000 1
44.850000 1
44.950000 1
45.150000 2
45.250000 1
45.350000 1
45.450000 1
45.550000 3
45.650000 2
45.750000 1
45.850000 3
46.000000 3
46.200000 2
46.300000 1
46.400000 1
46.550000 1
46.650000 3
46.850000 1
46.950000 1
47.050000 2
47.150000 3
47.400000 1
47.500000 3
48.050000 3
48.200000 2
48.300000 3
48.400000 1
48.600000 3
48.700000 3
48.800000 1
48.950000 2
49.050000 1
49.150000 2
49.350000 3
49.700000 3
49.800000 1
50.000000 2
50.100000 2
50.250000 1
50.350000 3
50.600000 2
50.700000 2
50.800000 3
50.950000 3
51.100000 1
51.200000 1
51.300000 1
51.450000 1
51.550000 3
51.650000 2
51.750000 1
51.850000 3
52.050000 3
52.150000 1
52.250000 2
52.350000 3
52.450000 1
52.650000 2
52.750000 3
53.100000 1
53.200000 2
53.300000 3
53.400000 1
53.600000 1
53.750000 1
53.850000 2
54.000000 2
54.100000 1
54.200000 1
54.550000 3
54.650000 2
54.800000 2
54.900000 2
55.050000 1
55.150000 3
55.250000 3
55.450000 1
55.550000 2
55.650000 2
55.750000 3
55.950000 3
56.050000 2
56.150000 2
56.250000 3
56.400000 1
56.500000 3
56.600000 2
56.750000 3
56.850000 2
57.050000 3
57.150000 2
57.300000 3
57.500000 2
57.650000 2
57.800000 2
57.950000 1
58.050000 3
58.200000 1
58.300000 3
58.400000 1
58.550000 1
58.700000 2
59.050000 1
59.250000 1
59.350000 1
59.550000 2
59.650000 2
59.750000 1
59.850000 3
59.950000 1
60.250000 1
60.350000 3
60.450000 3
60.550000 3
60.700000 3
60.900000 2
61.150000 3
61.300000 2
61.400000 2
61.500000 2
61.600000 1
61.700000 1
61.800000 3
62.100000 3
62.250000 3
62.350000 2
62.450000 3
62.550000 2
62.650000 2
62.750000 3
62.850000 3
63.000000 2
63.250000 3
63.400000 3
63.500000 1
63.600000 3
63.700000 1
63.800000 3
63.900000 1
64.000000 2
64.150000 1
64.700000 3
64.800000 3
64.950000 1
65.050000 3
65.150000 3
65.250000 3
65.550000 1
65.700000 2
65.800000 2
65.900000 1
66.150000 3
66.250000 3
66.450000 2
66.550000 2
66.700000 2
66.800000 2
66.950000 1
67.050000 2
67.250000 1
67.650000 3
67.750000 2
67.900000 1
68.100000 3
68.200000 3
68.450000 1
68.600000 2
68.700000 1
68.800000 1
69.000000 1
69.100000 1
69.250000 2
69.350000 3
69.450000 2
69.700000 3
69.850000 1
70.100000 1
70.200000 2
70.300000 2
70.400000 1
70.550000 1
70.700000 1
70.800000 2
71.100000 1
71.300000 2
71.500000 2
71.900000 2
72.100000 1
72.250000 1
72.350000 3
72.450000 2
72.600000 1
72.700000 3
72.950000 1
73.050000 3
73.400000 3
73.500000 2
73.600000 1
73.850000 1
73.950000 1
74.050000 3
74.200000 3
74.300000 3
74.400000 1
74.500000 2
74.600000 3
74.700000 2
74.800000 1
75.050000 1
75.150000 1
75.350000 1
75.450000 3
75.550000 1
75.650000 3
75.800000 2
75.900000 1
76.000000 1
76.100000 3
76.300000 2
76.500000 1
76.650000 2
77.000000 1
77.200000 3
77.350000 2
77.500000 3
77.750000 2
77.850000 3
78.100000 2
78.250000 2
78.350000 2
78.450000 2
78.600000 3
78.800000 1
79.000000 3
79.100000 1
79.250000 3
79.350000 2
79.600000 3
79.700000 3
79.800000 2
79.900000 1
80.050000 3
80.200000 2
80.500000 2
80.650000 2
80.750000 1
80.850000 3
80.950000 2
81.100000 2
81.200000 3
81.300000 3
81.400000 3
81.500000 1
81.650000 3
81.750000 1
81.850000 1
81.950000 1
82.200000 2
82.400000 3
82.500000 2
82.650000 2
82.850000 2
82.950000 1
83.200000 2
83.300000 2
83.450000 2
83.600000 1
83.700000 1
83.800000 1
84.000000 3
84.150000 2
84.250000 1
84.400000 1
84.600000 3
84.700000 1
84.900000 2
85.050000 3
85.200000 1
85.300000 3
85.500000 3
85.700000 1
85.850000 3
86.000000 3
86.100000 1
86.250000 2
86.450000 1
86.600000 1
86.750000 1
86.850000 3
86.950000 3
87.050000 2
87.250000 3
87.350000 1
87.550000 3
87.850000 1
87.950000 1
88.050000 2
88.150000 1
88.250000 2
88.400000 2
88.550000 1
88.650000 2
88.850000 3
88.950000 3
89.250000 2
89.350000 2
89.450000 3
89.550000 2
89.650000 3
89.750000 2
89.850000 1
89.950000 2
90.100000 2
90.250000 1
90.650000 1
90.750000 3
90.900000 2
91.050000 1
91.200000 1
91.350000 2
91.450000 3
91.550000 3
91.650000 3
91.850000 2
91.950000 1
92.050000 3
92.200000 3
92.300000 3
92.400000 1
92.650000 1
92.750000 2
92.850000 2
92.950000 2
93.150000 1
93.300000 1
93.400000 2
93.500000 2
93.650000 3
93.800000 1
93.900000 1
94.000000 1
94.100000 3
94.200000 3
94.350000 3
94.450000 1
94.600000 2
94.750000 3
94.850000 1
95.000000 2
95.100000 2
95.350000 2
95.450000 2
95.550000 3
95.700000 3
95.850000 3
95.950000 2
96.100000 2
96.200000 3
96.300000 1
96.400000 3
96.500000 1
96.600000 3
96.850000 3
97.150000 2
97.250000 3
97.350000 2
97.500000 3
97.650000 1
97.950000 2
98.050000 1
98.250000 2
98.350000 1
98.550000 2
98.650000 1
98.850000 3
98.950000 3
99.250000 3
99.350000 2
99.600000 2
99.700000 1
100.100000 2
100.200000 3
100.400000 3
100.500000 3
100.700000 1
100.900000 1
101.200000 1
101.400000 2
101.500000 3
101.600000 2
101.800000 1
102.000000 1
102.100000 1
102.200000 2
102.600000 2
102.750000 3
102.850000 3
102.950000 1
103.100000 3
103.200000 3
103.750000 3
104.000000 2
104.100000 3
104.250000 2
104.350000 2
104.450000 3
104.600000 3
104.700000 1
105.000000 1
105.150000 2
105.250000 3
105.400000 2
105.550000 3
105.700000 1
105.800000 3
105.950000 2
106.050000 2
106.150000 1
106.250000 3
106.350000 3
106.600000 1
106.750000 3
106.850000 3
106.950000 1
107.150000 2
107.300000 1
107.500000 1
107.950000 1
108.150000 1
108.250000 1
108.350000 2
108.500000 3
108.650000 3
108.850000 1
109.050000 3
109.150000 1
109.450000 3
109.550000 3
109.650000 1
109.750000 1
109.900000 3
110.000000 2
110.150000 3
110.250000 3
110.350000 3
110.450000 1
110.700000 2
110.800000 2
110.900000 3
111.250000 2
111.350000 1
111.450000 3
111.550000 1
111.650000 2
111.750000 3
111.850000 3
112.000000 1
112.100000 3
112.200000 2
112.700000 3
112.850000 1
112.950000 2
113.050000 3
113.150000 2
113.250000 2
113.400000 2
113.500000 1
113.750000 2
113.850000 2
114.050000 3
114.250000 3
114.350000 3
114.550000 3
114.700000 1
114.800000 3
115.150000 1
115.250000 2
115.350000 3
115.450000 1
115.650000 2
115.800000 3
115.900000 3
116.050000 2
116.250000 3
116.450000 1
116.600000 1
116.750000 1
116.850000 3
116.950000 2
117.100000 1
117.350000 2
117.500000 1
117.600000 1
117.900000 1
118.050000 1
118.150000 3
118.250000 3
118.350000 2
118.450000 2
118.550000 1
118.650000 2
118.750000 1
118.900000 1
119.050000 1
119.200000 1
119.350000 1
119.500000 2
119.700000 3
119.800000 2
119.900000 2
120.050000 1
120.150000 1
120.250000 1
120.650000 3
120.750000 2
120.900000 3
121.200000 1
121.300000 2
121.400000 3
121.500000 3
121.700000 1
121.800000 2
121.950000 3
122.150000 3
122.250000 3
122.350000 1
122.800000 1
122.950000 2
123.050000 3
123.350000 1
123.600000 3
123.750000 2
123.850000 1
124.150000 1
124.300000 2
124.400000 2
124.750000 2
124.850000 3
125.000000 3
125.150000 3
125.450000 2
125.650000 1
125.750000 1
125.850000 2
126.100000 2
126.250000 2
126.500000 2
126.600000 3
126.800000 3
126.900000 1
127.000000 3
127.100000 1
127.250000 3
127.400000 3
127.500000 3
127.650000 1
127.750000 3
127.850000 2
128.000000 1
128.200000 3
128.350000 2
128.450000 2
128.750000 1
128.900000 1
129.000000 1
129.250000 1
129.450000 2
129.550000 1
129.650000 3
129.800000 3
129.900000 1
130.000000 2
130.100000 3
130.200000 3
130.400000 2
130.500000 2
130.600000 1
130.700000 2
130.800000 2
130.950000 2
131.050000 3
131.150000 2
131.300000 1
131.400000 2
131.650000 1
131.800000 2
131.950000 2
132.050000 1
132.400000 3
132.600000 2
132.750000 1
133.150000 2
133.400000 3
133.500000 1
133.600000 1
133.700000 3
133.850000 2
133.950000 2
134.050000 3
134.150000 2
134.250000 1
134.600000 2
134.700000 1
134.850000 3
135.150000 1
135.450000 2
135.550000 1
135.700000 3
135.800000 3
135.950000 3
136.050000 3
136.200000 3
136.300000 1
136.550000 2
136.650000 2
136.750000 2
136.850000 1
136.950000 1
137.250000 3
137.350000 2
137.500000 2
137.650000 3
138.100000 1
138.200000 2
138.550000 1
138.650000 1
138.750000 3
138.850000 3
138.950000 2
139.050000 3
139.300000 3
139.400000 2
139.500000 2
139.600000 3
139.700000 2
139.900000 2
140.000000 1
140.200000 2
140.350000 1
140.550000 3
140.700000 3
140.800000 3
140.900000 1
141.000000 3
141.150000 3
141.300000 2
141.500000 1
141.600000 2
141.750000 1
141.850000 2
142.200000 3
142.300000 3
142.400000 2
142.600000 2
142.700000 2
142.800000 2
142.900000 3
143.000000 3
143.250000 1
143.400000 1
143.550000 1
143.650000 2
143.850000 1
144.300000 2
144.450000 3
144.650000 3
144.850000 1
144.950000 3
145.050000 2
145.150000 2
145.250000 3
145.500000 3
145.650000 2
145.750000 3
145.850000 1
145.950000 1
146.100000 1
146.300000 2
146.400000 2
146.600000 1
146.750000 3
146.900000 2
147.000000 2
147.300000 1
147.450000 2
147.600000 1
147.700000 1
147.800000 1
148.100000 2
148.450000 1
148.550000 3
148.650000 3
148.800000 2
148.950000 2
149.050000 2
149.150000 3
149.250000 2
149.350000 2
149.450000 1
149.600000 1
149.700000 2
149.800000 2
149.950000 1
150.050000 1
150.250000 3
150.400000 1
150.500000 2
150.700000 2
150.800000 2
151.050000 2
151.150000 2
151.250000 3
151.350000 1
151.450000 3
151.600000 3
151.700000 1
152.000000 3
152.100000 2
152.250000 3
152.350000 1
152.500000 2
152.600000 3
152.700000 2
152.850000 2
152.950000 3
153.050000 2
153.250000 2
153.500000 1
153.750000 1
153.950000 3
154.200000 2
154.500000 3
154.600000 1
154.700000 2
154.900000 1
155.000000 3
155.100000 3
155.200000 1
155.400000 3
155.600000 2
155.700000 3
156.050000 1
156.250000 2
156.400000 3
156.500000 1
156.700000 3
156.800000 2
157.000000 2
157.150000 2
157.450000 3
157.650000 3
157.750000 3
157.950000 3
158.100000 2
158.250000 2
158.400000 2
158.500000 1
158.650000 1
158.750000 1
158.900000 2
159.000000 1
159.150000 1
159.300000 1
159.400000 3
159.550000 3
159.700000 3
159.800000 2
159.900000 1
160.000000 2
160.150000 1
160.250000 1
160.400000 1
160.650000 3
160.800000 2
161.050000 2
161.150000 2
161.250000 1
161.350000 3
161.600000 2
161.700000 1
161.900000 2
162.050000 1
162.150000 3
162.300000 1
162.550000 3
162.650000 3
162.750000 1
162.950000 1
163.050000 3
163.150000 1
163.300000 2
163.550000 2
163.700000 2
163.800000 2
163.900000 2
164.250000 1
164.350000 2
164.450000 1
164.600000 2
164.700000 2
164.800000 2
164.900000 2
165.000000 2
165.100000 1
165.200000 2
165.300000 3
165.400000 2
165.500000 2
165.800000 3
166.000000 2
166.100000 3
166.300000 2
166.400000 1
166.500000 2
166.600000 1
166.700000 2
166.850000 1
166.950000 3
167.050000 3
167.150000 2
167.350000 2
167.450000 1
167.600000 1
167.700000 3
167.800000 3
167.900000 1
168.000000 3
168.350000 3
168.450000 2
168.650000 2
168.750000 3
168.950000 3
169.050000 1
169.250000 1
169.350000 3
169.850000 2
170.000000 1
170.150000 1
170.300000 2
170.450000 3
170.600000 3
170.700000 2
171.000000 2
171.150000 2
171.350000 2
171.450000 3
171.550000 1
171.700000 2
171.900000 1
172.000000 2
172.200000 1
172.350000 1
172.500000 2
172.650000 1
172.850000 1
172.950000 1
173.200000 3
173.300000 2
173.400000 2
173.500000 3
173.600000 3
173.700000 2
173.800000 3
173.950000 2
174.050000 3
174.150000 1
174.250000 1
174.450000 2
174.550000 1
174.650000 2
174.900000 2
175.100000 1
175.200000 1
175.300000 1
175.400000 1
175.500000 2
175.600000 3
175.700000 3
175.950000 1
176.100000 3
176.200000 3
176.300000 3
176.400000 2
176.500000 2
176.600000 3
176.700000 1
176.800000 3
176.900000 2
177.000000 3
177.200000 3
177.300000 3
177.450000 1
177.650000 3
177.800000 2
177.900000 2
178.000000 2
178.100000 3
178.250000 2
178.400000 3
178.500000 2
178.600000 2
178.700000 2
178.800000 3
178.900000 1
179.000000 3
179.100000 1
179.200000 1
179.400000 2
179.550000 3
179.800000 1
179.900000 1
180.050000 3
180.250000 1
180.400000 3
180.500000 2
180.800000 2
180.900000 2
181.050000 2
181.150000 3
181.250000 2
181.500000 1
181.900000 1
182.000000 3
182.150000 2
182.300000 2
182.450000 1
182.600000 1
182.700000 1
182.850000 2
182.950000 3
183.050000 2
183.200000 3
183.350000 1
183.450000 2
183.600000 2
183.700000 2
183.900000 1
184.000000 1
184.100000 3
184.200000 3
184.300000 1
184.400000 3
184.550000 1
184.650000 1
184.800000 3
185.050000 3
185.150000 2
185.400000 2
185.550000 1
185.750000 3
185.850000 3
185.950000 2
186.150000 2
186.250000 1
186.350000 2
186.550000 2
186.700000 2
186.850000 3
187.000000 1
187.100000 2
187.350000 1
187.450000 3
187.600000 1
187.700000 3
187.850000 2
187.950000 3
188.050000 2
188.250000 1
188.500000 1
188.800000 2
188.900000 2
189.250000 3
189.350000 3
189.600000 3
189.800000 2
189.900000 2
190.000000 3
190.250000 1
190.350000 3
190.450000 3
190.550000 2
190.650000 3
190.800000 2
191.000000 2
191.150000 3
191.250000 1
191.350000 1
191.800000 3
192.050000 2
192.150000 2
192.250000 1
192.400000 1
192.550000 3
192.700000 1
192.850000 2
193.000000 2
193.250000 3
193.350000 2
193.450000 2
193.550000 3
193.650000 1
193.900000 2
194.000000 3
194.200000 3
194.300000 2
194.600000 1
194.750000 1
195.000000 3
195.400000 1
195.500000 2
195.700000 2
195.850000 2
195.950000 1
196.050000 1
196.150000 2
196.300000 3
196.450000 1
196.600000 1
196.850000 2
196.950000 1
197.100000 3
197.200000 1
197.300000 2
197.400000 2
197.500000 2
197.700000 1
197.950000 3
198.050000 2
198.200000 2
198.300000 2
198.550000 3
198.750000 2
198.950000 1
199.050000 2
199.200000 3
199.300000 1
199.400000 1
199.600000 1
199.700000 2
199.800000 1
200.000000 2
200.400000 1
200.500000 3
200.600000 3
200.700000 2
200.950000 3
201.150000 2
201.350000 1
201.450000 2
201.600000 1
201.800000 2
201.900000 2
202.000000 2
202.100000 1
202.250000 3
202.400000 1
202.500000 2
202.600000 1
203.000000 1
203.100000 1
203.300000 1
203.550000 1
203.700000 3
204.100000 2
204.200000 3
204.700000 2
205.000000 2
205.300000 3
205.500000 2
205.750000 2
205.850000 3
205.950000 2
206.050000 3
206.250000 3
206.550000 3
206.650000 2
206.800000 1
206.900000 1
207.000000 3
207.200000 1
207.450000 3
207.550000 2
208.150000 3
208.250000 3
208.600000 1
208.700000 2
208.800000 2
208.900000 1
209.000000 1
209.300000 2
209.500000 1
209.650000 2
209.850000 2
210.000000 3
210.200000 1
210.450000 3
210.650000 2
210.750000 2
210.850000 3
210.950000 2
211.050000 3
211.250000 1
211.550000 1
211.750000 2
211.900000 1
212.200000 3
212.400000 3
212.500000 1
212.600000 3
212.700000 3
212.800000 2
213.100000 1
213.200000 1
213.350000 3
213.450000 1
213.700000 1
213.900000 2
214.100000 1
214.250000 3
214.350000 3
214.500000 3
214.650000 3
214.850000 1
215.050000 2
215.150000 3
215.300000 3
215.500000 3
215.650000 2
215.750000 2
215.850000 3
216.050000 3
216.150000 2
216.250000 1
216.400000 3
216.500000 1
216.600000 3
216.750000 3
216.850000 2
216.950000 3
217.100000 2
217.200000 1
217.300000 2
217.400000 2
217.500000 3
217.600000 3
217.700000 3
217.800000 2
217.900000 1
218.100000 1
218.200000 1
218.300000 3
218.500000 1
218.800000 3
218.950000 3
219.050000 2
219.350000 2
219.550000 3
219.750000 2
219.850000 1
220.150000 3
220.250000 2
220.350000 1
220.650000 3
220.800000 2
220.900000 3
221.000000 2
221.100000 1
221.200000 2
221.300000 1
221.400000 3
221.650000 1
221.750000 2
221.850000 3
221.950000 1
222.150000 2
222.250000 2
222.400000 2
222.500000 1
222.600000 3
222.750000 2
222.850000 3
223.100000 1
223.200000 1
223.300000 3
223.450000 1
223.650000 1
223.750000 3
223.900000 2
224.100000 1
224.350000 3
224.550000 2
224.650000 1
224.800000 2
